
MP-1
v1	v2	v3	v4	v5	w1	w2	w3	w4	w5	
--------------------------------------------------------------------------------------------------------------
3	4	4	3	6	0	0	0	0	0	
--------------------------------------------------------------------------------------------------------------
1	0	0	0	1	0	0	0	0	0	<=	1  y1
1	0	0	1	0	0	0	0	0	0	<=	1  y2
-1	0	0	0	0	2	0	0	0	3	<=	0  x1
0	0	0	0	-1	0	3	0	0	3	<=	0  x2
-1	0	0	0	0	1	1	0	2	0	<=	0  x3
0	0	0	-1	0	0	0	4	1	0	<=	0  x4


MP-2
v1	v2	v3	v4	v5	w1	w2	w3	w4	w5	
--------------------------------------------------------------------------------------------------------------
3	4	4	3	6	0	0	0	0	0	
--------------------------------------------------------------------------------------------------------------
1	0	0	0	1	0	0	0	0	0	<=	1  y1
1	0	0	1	0	0	0	0	0	0	<=	1  y2
0	0	0	5	0	0	0	0	0	0	<=	1  y3
-1	0	0	0	0	2	0	0	0	3	<=	0  x1
0	0	0	0	-1	0	3	0	0	3	<=	0  x2
-1	0	0	0	0	1	1	0	2	0	<=	0  x3
0	0	0	-1	0	0	0	4	1	0	<=	0  x4


MP-3
v1	v2	v3	v4	v5	w1	w2	w3	w4	w5	
--------------------------------------------------------------------------------------------------------------
3	4	4	3	6	0	0	0	0	0	
--------------------------------------------------------------------------------------------------------------
1	0	0	0	1	0	0	0	0	0	<=	1  y1
1	0	0	1	0	0	0	0	0	0	<=	1  y2
0	0	0	5	0	0	0	0	0	0	<=	1  y3
1	0	0	2	0	0	0	0	0	0	<=	1  y4
-1	0	0	0	0	2	0	0	0	3	<=	0  x1
0	0	0	0	-1	0	3	0	0	3	<=	0  x2
-1	0	0	0	0	1	1	0	2	0	<=	0  x3
0	0	0	-1	0	0	0	4	1	0	<=	0  x4


MP-4
v1	v2	v3	v4	v5	w1	w2	w3	w4	w5	
--------------------------------------------------------------------------------------------------------------
3	4	4	3	6	0	0	0	0	0	
--------------------------------------------------------------------------------------------------------------
1	0	0	0	1	0	0	0	0	0	<=	1  y1
1	0	0	1	0	0	0	0	0	0	<=	1  y2
0	0	0	5	0	0	0	0	0	0	<=	1  y3
1	0	0	2	0	0	0	0	0	0	<=	1  y4
-1	0	0	0	0	2	0	0	0	3	<=	0  x1
0	0	0	0	-1	0	3	0	0	3	<=	0  x2
-1	0	0	0	0	1	1	0	2	0	<=	0  x3
0	0	0	-1	0	0	0	4	1	0	<=	0  x4
-1	0	0	0	0	2	0	0	1	0	<=	0  x5
0	-1	0	0	0	0	0	0	5	0	<=	0  x6
0	0	0	-1	0	0	0	0	5	0	<=	0  x7
0	0	0	0	-1	0	0	0	5	0	<=	0  x8


MP-5
v1	v2	v3	v4	v5	w1	w2	w3	w4	w5	
--------------------------------------------------------------------------------------------------------------
3	4	4	3	6	0	0	0	0	0	
--------------------------------------------------------------------------------------------------------------
1	0	0	0	1	0	0	0	0	0	<=	1  y1
1	0	0	1	0	0	0	0	0	0	<=	1  y2
0	0	0	5	0	0	0	0	0	0	<=	1  y3
1	0	0	2	0	0	0	0	0	0	<=	1  y4
0	0	0	1	3	0	0	0	0	0	<=	1  y5
-1	0	0	0	0	2	0	0	0	3	<=	0  x1
0	0	0	0	-1	0	3	0	0	3	<=	0  x2
-1	0	0	0	0	1	1	0	2	0	<=	0  x3
0	0	0	-1	0	0	0	4	1	0	<=	0  x4
-1	0	0	0	0	2	0	0	1	0	<=	0  x5
0	-1	0	0	0	0	0	0	5	0	<=	0  x6
0	0	0	-1	0	0	0	0	5	0	<=	0  x7
0	0	0	0	-1	0	0	0	5	0	<=	0  x8


MP-6
v1	v2	v3	v4	v5	w1	w2	w3	w4	w5	
--------------------------------------------------------------------------------------------------------------
3	4	4	3	6	0	0	0	0	0	
--------------------------------------------------------------------------------------------------------------
1	0	0	0	1	0	0	0	0	0	<=	1  y1
1	0	0	1	0	0	0	0	0	0	<=	1  y2
0	0	0	5	0	0	0	0	0	0	<=	1  y3
1	0	0	2	0	0	0	0	0	0	<=	1  y4
0	0	0	1	3	0	0	0	0	0	<=	1  y5
-1	0	0	0	0	2	0	0	0	3	<=	0  x1
0	0	0	0	-1	0	3	0	0	3	<=	0  x2
-1	0	0	0	0	1	1	0	2	0	<=	0  x3
0	0	0	-1	0	0	0	4	1	0	<=	0  x4
-1	0	0	0	0	2	0	0	1	0	<=	0  x5
0	-1	0	0	0	0	0	0	5	0	<=	0  x6
0	0	0	-1	0	0	0	0	5	0	<=	0  x7
0	0	0	0	-1	0	0	0	5	0	<=	0  x8
-1	0	0	0	0	2	1	0	0	0	<=	0  x9
0	-1	0	0	0	0	4	0	0	0	<=	0  x10
0	0	-1	0	0	0	0	6	0	0	<=	0  x11
0	0	0	-1	0	0	0	6	0	0	<=	0  x12
0	0	0	0	-1	0	4	0	0	0	<=	0  x13


MP-7
v1	v2	v3	v4	v5	w1	w2	w3	w4	w5	
--------------------------------------------------------------------------------------------------------------
3	4	4	3	6	0	0	0	0	0	
--------------------------------------------------------------------------------------------------------------
1	0	0	0	1	0	0	0	0	0	<=	1  y1
1	0	0	1	0	0	0	0	0	0	<=	1  y2
0	0	0	5	0	0	0	0	0	0	<=	1  y3
1	0	0	2	0	0	0	0	0	0	<=	1  y4
0	0	0	1	3	0	0	0	0	0	<=	1  y5
0	3	0	0	1	0	0	0	0	0	<=	1  y6
-1	0	0	0	0	2	0	0	0	3	<=	0  x1
0	0	0	0	-1	0	3	0	0	3	<=	0  x2
-1	0	0	0	0	1	1	0	2	0	<=	0  x3
0	0	0	-1	0	0	0	4	1	0	<=	0  x4
-1	0	0	0	0	2	0	0	1	0	<=	0  x5
0	-1	0	0	0	0	0	0	5	0	<=	0  x6
0	0	0	-1	0	0	0	0	5	0	<=	0  x7
0	0	0	0	-1	0	0	0	5	0	<=	0  x8
-1	0	0	0	0	2	1	0	0	0	<=	0  x9
0	-1	0	0	0	0	4	0	0	0	<=	0  x10
0	0	-1	0	0	0	0	6	0	0	<=	0  x11
0	0	0	-1	0	0	0	6	0	0	<=	0  x12
0	0	0	0	-1	0	4	0	0	0	<=	0  x13


MP-8
v1	v2	v3	v4	v5	w1	w2	w3	w4	w5	
--------------------------------------------------------------------------------------------------------------
3	4	4	3	6	0	0	0	0	0	
--------------------------------------------------------------------------------------------------------------
1	0	0	0	1	0	0	0	0	0	<=	1  y1
1	0	0	1	0	0	0	0	0	0	<=	1  y2
0	0	0	5	0	0	0	0	0	0	<=	1  y3
1	0	0	2	0	0	0	0	0	0	<=	1  y4
0	0	0	1	3	0	0	0	0	0	<=	1  y5
0	3	0	0	1	0	0	0	0	0	<=	1  y6
1	1	1	0	0	0	0	0	0	0	<=	1  y7
-1	0	0	0	0	2	0	0	0	3	<=	0  x1
0	0	0	0	-1	0	3	0	0	3	<=	0  x2
-1	0	0	0	0	1	1	0	2	0	<=	0  x3
0	0	0	-1	0	0	0	4	1	0	<=	0  x4
-1	0	0	0	0	2	0	0	1	0	<=	0  x5
0	-1	0	0	0	0	0	0	5	0	<=	0  x6
0	0	0	-1	0	0	0	0	5	0	<=	0  x7
0	0	0	0	-1	0	0	0	5	0	<=	0  x8
-1	0	0	0	0	2	1	0	0	0	<=	0  x9
0	-1	0	0	0	0	4	0	0	0	<=	0  x10
0	0	-1	0	0	0	0	6	0	0	<=	0  x11
0	0	0	-1	0	0	0	6	0	0	<=	0  x12
0	0	0	0	-1	0	4	0	0	0	<=	0  x13


MP-9
v1	v2	v3	v4	v5	w1	w2	w3	w4	w5	
--------------------------------------------------------------------------------------------------------------
3	4	4	3	6	0	0	0	0	0	
--------------------------------------------------------------------------------------------------------------
1	0	0	0	1	0	0	0	0	0	<=	1  y1
1	0	0	1	0	0	0	0	0	0	<=	1  y2
0	0	0	5	0	0	0	0	0	0	<=	1  y3
1	0	0	2	0	0	0	0	0	0	<=	1  y4
0	0	0	1	3	0	0	0	0	0	<=	1  y5
0	3	0	0	1	0	0	0	0	0	<=	1  y6
1	1	1	0	0	0	0	0	0	0	<=	1  y7
-1	0	0	0	0	2	0	0	0	3	<=	0  x1
0	0	0	0	-1	0	3	0	0	3	<=	0  x2
-1	0	0	0	0	1	1	0	2	0	<=	0  x3
0	0	0	-1	0	0	0	4	1	0	<=	0  x4
-1	0	0	0	0	2	0	0	1	0	<=	0  x5
0	-1	0	0	0	0	0	0	5	0	<=	0  x6
0	0	0	-1	0	0	0	0	5	0	<=	0  x7
0	0	0	0	-1	0	0	0	5	0	<=	0  x8
-1	0	0	0	0	2	1	0	0	0	<=	0  x9
0	-1	0	0	0	0	4	0	0	0	<=	0  x10
0	0	-1	0	0	0	0	6	0	0	<=	0  x11
0	0	0	-1	0	0	0	6	0	0	<=	0  x12
0	0	0	0	-1	0	4	0	0	0	<=	0  x13

