
MP-1
y1	y2	x1	x2	x3	x4	
------------------------------------------------------------------
1	1	0	0	0	0	
------------------------------------------------------------------
1	1	-1	0	-1	0	>=	0
0	0	0	0	0	0	>=	0
0	0	0	0	0	0	>=	0
0	1	0	0	0	-1	>=	0
1	0	0	-1	0	0	>=	0
------------------------------------------------------------------
0	0	2	0	1	0	>=	3
0	0	0	3	1	0	>=	4
0	0	0	0	0	4	>=	4
0	0	0	0	2	1	>=	3
0	0	3	3	0	0	>=	6

MP-2
y1	y2	y3	x1	x2	x3	x4	
-----------------------------------------------------------------------------
1	1	1	0	0	0	0	
-----------------------------------------------------------------------------
1	1	0	-1	0	-1	0	>=	0
0	0	0	0	0	0	0	>=	0
0	0	0	0	0	0	0	>=	0
0	1	5	0	0	0	-1	>=	0
1	0	0	0	-1	0	0	>=	0
-----------------------------------------------------------------------------
0	0	0	2	0	1	0	>=	3
0	0	0	0	3	1	0	>=	4
0	0	0	0	0	0	4	>=	4
0	0	0	0	0	2	1	>=	3
0	0	0	3	3	0	0	>=	6

MP-3
y1	y2	y3	y4	x1	x2	x3	x4	
----------------------------------------------------------------------------------------
1	1	1	1	0	0	0	0	
----------------------------------------------------------------------------------------
1	1	0	1	-1	0	-1	0	>=	0
0	0	0	0	0	0	0	0	>=	0
0	0	0	0	0	0	0	0	>=	0
0	1	5	2	0	0	0	-1	>=	0
1	0	0	0	0	-1	0	0	>=	0
----------------------------------------------------------------------------------------
0	0	0	0	2	0	1	0	>=	3
0	0	0	0	0	3	1	0	>=	4
0	0	0	0	0	0	0	4	>=	4
0	0	0	0	0	0	2	1	>=	3
0	0	0	0	3	3	0	0	>=	6

MP-4
y1	y2	y3	y4	x1	x2	x3	x4	x5	x6	x7	x8	
------------------------------------------------------------------------------------------------------------------------------------
1	1	1	1	0	0	0	0	0	0	0	0	
------------------------------------------------------------------------------------------------------------------------------------
1	1	0	1	-1	0	-1	0	-1	0	0	0	>=	0
0	0	0	0	0	0	0	0	0	-1	0	0	>=	0
0	0	0	0	0	0	0	0	0	0	0	0	>=	0
0	1	5	2	0	0	0	-1	0	0	-1	0	>=	0
1	0	0	0	0	-1	0	0	0	0	0	-1	>=	0
------------------------------------------------------------------------------------------------------------------------------------
0	0	0	0	2	0	1	0	2	0	0	0	>=	3
0	0	0	0	0	3	1	0	0	0	0	0	>=	4
0	0	0	0	0	0	0	4	0	0	0	0	>=	4
0	0	0	0	0	0	2	1	1	5	5	5	>=	3
0	0	0	0	3	3	0	0	0	0	0	0	>=	6

MP-5
y1	y2	y3	y4	y5	x1	x2	x3	x4	x5	x6	x7	x8	
-----------------------------------------------------------------------------------------------------------------------------------------------
1	1	1	1	1	0	0	0	0	0	0	0	0	
-----------------------------------------------------------------------------------------------------------------------------------------------
1	1	0	1	0	-1	0	-1	0	-1	0	0	0	>=	0
0	0	0	0	0	0	0	0	0	0	-1	0	0	>=	0
0	0	0	0	0	0	0	0	0	0	0	0	0	>=	0
0	1	5	2	1	0	0	0	-1	0	0	-1	0	>=	0
1	0	0	0	3	0	-1	0	0	0	0	0	-1	>=	0
-----------------------------------------------------------------------------------------------------------------------------------------------
0	0	0	0	0	2	0	1	0	2	0	0	0	>=	3
0	0	0	0	0	0	3	1	0	0	0	0	0	>=	4
0	0	0	0	0	0	0	0	4	0	0	0	0	>=	4
0	0	0	0	0	0	0	2	1	1	5	5	5	>=	3
0	0	0	0	0	3	3	0	0	0	0	0	0	>=	6

MP-6
y1	y2	y3	y4	y5	x1	x2	x3	x4	x5	x6	x7	x8	x9	x10	x11	x12	x13	
------------------------------------------------------------------------------------------------------------------------------------------------------------------------------------------------------
1	1	1	1	1	0	0	0	0	0	0	0	0	0	0	0	0	0	
------------------------------------------------------------------------------------------------------------------------------------------------------------------------------------------------------
1	1	0	1	0	-1	0	-1	0	-1	0	0	0	-1	0	0	0	0	>=	0
0	0	0	0	0	0	0	0	0	0	-1	0	0	0	-1	0	0	0	>=	0
0	0	0	0	0	0	0	0	0	0	0	0	0	0	0	-1	0	0	>=	0
0	1	5	2	1	0	0	0	-1	0	0	-1	0	0	0	0	-1	0	>=	0
1	0	0	0	3	0	-1	0	0	0	0	0	-1	0	0	0	0	-1	>=	0
------------------------------------------------------------------------------------------------------------------------------------------------------------------------------------------------------
0	0	0	0	0	2	0	1	0	2	0	0	0	2	0	0	0	0	>=	3
0	0	0	0	0	0	3	1	0	0	0	0	0	1	4	0	0	4	>=	4
0	0	0	0	0	0	0	0	4	0	0	0	0	0	0	6	6	0	>=	4
0	0	0	0	0	0	0	2	1	1	5	5	5	0	0	0	0	0	>=	3
0	0	0	0	0	3	3	0	0	0	0	0	0	0	0	0	0	0	>=	6

MP-7
y1	y2	y3	y4	y5	y6	x1	x2	x3	x4	x5	x6	x7	x8	x9	x10	x11	x12	x13	
-----------------------------------------------------------------------------------------------------------------------------------------------------------------------------------------------------------------
1	1	1	1	1	1	0	0	0	0	0	0	0	0	0	0	0	0	0	
-----------------------------------------------------------------------------------------------------------------------------------------------------------------------------------------------------------------
1	1	0	1	0	0	-1	0	-1	0	-1	0	0	0	-1	0	0	0	0	>=	0
0	0	0	0	0	3	0	0	0	0	0	-1	0	0	0	-1	0	0	0	>=	0
0	0	0	0	0	0	0	0	0	0	0	0	0	0	0	0	-1	0	0	>=	0
0	1	5	2	1	0	0	0	0	-1	0	0	-1	0	0	0	0	-1	0	>=	0
1	0	0	0	3	1	0	-1	0	0	0	0	0	-1	0	0	0	0	-1	>=	0
-----------------------------------------------------------------------------------------------------------------------------------------------------------------------------------------------------------------
0	0	0	0	0	0	2	0	1	0	2	0	0	0	2	0	0	0	0	>=	3
0	0	0	0	0	0	0	3	1	0	0	0	0	0	1	4	0	0	4	>=	4
0	0	0	0	0	0	0	0	0	4	0	0	0	0	0	0	6	6	0	>=	4
0	0	0	0	0	0	0	0	2	1	1	5	5	5	0	0	0	0	0	>=	3
0	0	0	0	0	0	3	3	0	0	0	0	0	0	0	0	0	0	0	>=	6

MP-8
y1	y2	y3	y4	y5	y6	y7	x1	x2	x3	x4	x5	x6	x7	x8	x9	x10	x11	x12	x13	
----------------------------------------------------------------------------------------------------------------------------------------------------------------------------------------------------------------------------
1	1	1	1	1	1	1	0	0	0	0	0	0	0	0	0	0	0	0	0	
----------------------------------------------------------------------------------------------------------------------------------------------------------------------------------------------------------------------------
1	1	0	1	0	0	1	-1	0	-1	0	-1	0	0	0	-1	0	0	0	0	>=	0
0	0	0	0	0	3	1	0	0	0	0	0	-1	0	0	0	-1	0	0	0	>=	0
0	0	0	0	0	0	1	0	0	0	0	0	0	0	0	0	0	-1	0	0	>=	0
0	1	5	2	1	0	0	0	0	0	-1	0	0	-1	0	0	0	0	-1	0	>=	0
1	0	0	0	3	1	0	0	-1	0	0	0	0	0	-1	0	0	0	0	-1	>=	0
----------------------------------------------------------------------------------------------------------------------------------------------------------------------------------------------------------------------------
0	0	0	0	0	0	0	2	0	1	0	2	0	0	0	2	0	0	0	0	>=	3
0	0	0	0	0	0	0	0	3	1	0	0	0	0	0	1	4	0	0	4	>=	4
0	0	0	0	0	0	0	0	0	0	4	0	0	0	0	0	0	6	6	0	>=	4
0	0	0	0	0	0	0	0	0	2	1	1	5	5	5	0	0	0	0	0	>=	3
0	0	0	0	0	0	0	3	3	0	0	0	0	0	0	0	0	0	0	0	>=	6

MP-9
y1	y2	y3	y4	y5	y6	y7	x1	x2	x3	x4	x5	x6	x7	x8	x9	x10	x11	x12	x13	
----------------------------------------------------------------------------------------------------------------------------------------------------------------------------------------------------------------------------
1	1	1	1	1	1	1	0	0	0	0	0	0	0	0	0	0	0	0	0	
----------------------------------------------------------------------------------------------------------------------------------------------------------------------------------------------------------------------------
1	1	0	1	0	0	1	-1	0	-1	0	-1	0	0	0	-1	0	0	0	0	>=	0
0	0	0	0	0	3	1	0	0	0	0	0	-1	0	0	0	-1	0	0	0	>=	0
0	0	0	0	0	0	1	0	0	0	0	0	0	0	0	0	0	-1	0	0	>=	0
0	1	5	2	1	0	0	0	0	0	-1	0	0	-1	0	0	0	0	-1	0	>=	0
1	0	0	0	3	1	0	0	-1	0	0	0	0	0	-1	0	0	0	0	-1	>=	0
----------------------------------------------------------------------------------------------------------------------------------------------------------------------------------------------------------------------------
0	0	0	0	0	0	0	2	0	1	0	2	0	0	0	2	0	0	0	0	>=	3
0	0	0	0	0	0	0	0	3	1	0	0	0	0	0	1	4	0	0	4	>=	4
0	0	0	0	0	0	0	0	0	0	4	0	0	0	0	0	0	6	6	0	>=	4
0	0	0	0	0	0	0	0	0	2	1	1	5	5	5	0	0	0	0	0	>=	3
0	0	0	0	0	0	0	3	3	0	0	0	0	0	0	0	0	0	0	0	>=	6
